spread,result,cover_prob,push_prob,not_cover_prob
-50.0,-75.0,0.8452968480936434,0.1405997897778148,0.01410336212854158
-50.0,-74.0,0.8348795273211664,0.1503698772238021,0.014750595455031469
-50.0,-73.0,0.824024084507456,0.16057720285503474,0.01539871263750917
-50.0,-72.0,0.8127330733293454,0.1712216224203798,0.016045304250275002
-50.0,-71.0,0.8010107420308534,0.1823013869971214,0.01668787097202513
-50.0,-70.0,0.7888630677681823,0.19381309341536174,0.017323838816456084
-50.0,-69.0,0.7762977795193633,0.20575164489205233,0.01795057558858448
-50.0,-68.0,0.7633243690972457,0.21811022248016748,0.01856540842258677
-50.0,-67.0,0.7499540899250635,0.23088026783527715,0.019165642239659324
-50.0,-66.0,0.7361999433585388,0.24405147769228855,0.0197485789491726
-50.0,-65.0,0.7220766524653776,0.25761181033112157,0.02031153720350084
-50.0,-64.0,0.7076006233001492,0.2715475041932955,0.020851872506555277
-50.0,-63.0,0.6927898938380791,0.2858431086935282,0.02136699746839275
-50.0,-62.0,0.6776640708534982,0.3004815271530864,0.02185440199341534
-50.0,-61.0,0.662244255146041,0.315444071666285,0.02231167318767384
-50.0,-60.0,0.6465529556288012,0.33071052959955743,0.022736514771641198
-50.0,-59.0,0.6306139928964061,0.34625924131510616,0.023126765788487803
-50.0,-58.0,0.6144523929864217,0.36206718860929604,0.02348041840428213
-50.0,-57.0,0.5980942721339473,0.378110093260519,0.02379563460553375
-50.0,-56.0,0.5815667133961873,0.3943625249928797,0.02407076161093299
-50.0,-55.0,0.5648976360909201,0.4107980180812401,0.024304345827839902
-50.0,-54.0,0.5481156590499282,0.42738919575024636,0.024495145199825426
-50.0,-53.0,0.5312499587356596,0.44410790145519213,0.02464213980914822
-50.0,-52.0,0.5143301233067316,0.4609253360760459,0.024744540617222584
-50.0,-51.0,0.4973860037455664,0.47781220000778135,0.024801796246652227
-50.0,-50.0,0.4804475631797064,0.49473883909027655,0.024813597730017043
-50.0,-49.0,0.4635447255374308,0.5116753932895174,0.024779881173051993
-50.0,-48.0,0.44670722467848256,0.5285919470186284,0.02470082830288904
-50.0,-47.0,0.4299644551322036,0.5454586799724096,0.024576864895386862
-50.0,-46.0,0.413345325558403,0.5622460173426073,0.024408657098989844
-50.0,-45.0,0.39687811602100775,0.5789247782832146,0.024197105695777658
-50.0,-44.0,0.3805903401310725,0.595466321505795,0.023943338363132477
-50.0,-43.0,0.3645086130741799,0.6118426869043156,0.02364870002150438
-50.0,-42.0,0.3486585264876986,0.628026732137461,0.023314741374840506
-50.0,-41.0,0.3330645310958783,0.6439922631340125,0.022943205770109342
-50.0,-40.0,0.31774982794544876,0.6597141575338026,0.022536014520748646
-50.0,-39.0,0.3027362690114037,0.6751684801330413,0.022095250855555033
-50.0,-38.0,0.2880442678622286,0.6903325894684855,0.021623142669286045
-50.0,-37.0,0.27369272098630193,0.7051852347498516,0.02112204426384643
-50.0,-36.0,0.2596989402870183,0.7197066424337961,0.020594417279185616
-50.0,-35.0,0.2460785971539538,0.7338785918252755,0.020042811020770615
-50.0,-34.0,0.2328456784118847,0.7476844791925364,0.0194698423955788
-50.0,-33.0,0.2200124543395957,0.7611093699895348,0.01887817567086957
-50.0,-32.0,0.20758945883728605,0.7741400388932353,0.018270502269478548
-50.0,-31.0,0.19558548170624024,0.7867649974817509,0.017649520812008733
-50.0,-30.0,0.18400757288867597,0.7989745095012278,0.017017917610096092
-50.0,-29.0,0.1728610584008415,0.8107605937931794,0.016378347805979
-50.0,-28.0,0.16214956758008944,0.8221170150778828,0.01573341734202775
-50.0,-27.0,0.1518750711584866,0.8330392629116408,0.01508566592987267
-50.0,-26.0,0.14203792957316028,0.843524519254306,0.014437551172533718
-50.0,-25.0,0.13263695082868424,0.8535716151965392,0.013791433974776376
-50.0,-24.0,0.1236694571408883,0.8631809775019994,0.01314956535711239
-50.0,-23.0,0.11513135951595622,0.8723545657162649,0.012514074767779059
-50.0,-22.0,0.10701723935479285,0.8810958006801638,0.01188695996504311
-50.0,-21.0,0.09932043612140555,0.8894094853589174,0.011270078519677316
-50.0,-20.0,0.0920331400762517,0.8973017189588962,0.010665140964852049
-50.0,-19.0,0.0851464890516463,0.9047798053499857,0.010073705598367944
-50.0,-18.0,0.07865066823663323,0.9118521568428499,0.009497174920516894
-50.0,-17.0,0.07253501194312743,0.91852819438661,0.00893679367026259
-50.0,-16.0,0.06678810634327319,0.924818245253514,0.008393648403212788
-50.0,-15.0,0.06139789219919443,0.9307334392634956,0.007868668537309878
-50.0,-14.0,0.0563517666497445,0.9362856045737097,0.007362628776546062
-50.0,-13.0,0.05163668317336576,0.9414871640171192,0.006876152809515209
-50.0,-12.0,0.047239248910424546,0.9463510329211811,0.006409718168394449
-50.0,-11.0,0.04314581860091928,0.950890519273984,0.005963662125096841
-50.0,-10.0,0.039342584472680124,0.9551192270324281,0.005538188494891715
-50.0,-9.0,0.035815661499434166,0.9590509632868305,0.005133375213735588
-50.0,-8.0,0.032551167535719,0.9626996499104511,0.004749182553829701
-50.0,-7.0,0.02953529792493468,0.9660792402326556,0.004385461842409518
-50.0,-6.0,0.026754394266223672,0.9692036411824501,0.0040419645513263104
-50.0,-5.0,0.024195007113860557,0.9720866412567226,0.003718351629416974
-50.0,-4.0,0.021843952468031776,0.9747418445762039,0.003414202955764118
-50.0,-3.0,0.019688361997062295,0.9771826112034447,0.003129026799492846
-50.0,-2.0,0.017715727007235692,0.9794220038122744,0.0028622691804899444
-50.0,-1.0,0.015913936246473515,0.9814727407184115,0.002613323035115067
-50.0,0.0,0.014271307691592688,0.9833471552070541,0.0023815371013533888
-50.0,1.0,0.01277661452513524,0.9850571610261728,0.002166224448691718
-50.0,2.0,0.011419105556537641,0.9866142238544076,0.001966670589054787
-50.0,3.0,0.010188520383522559,0.9880293385002774,0.0017821411162000581
-50.0,4.0,0.009075099623062926,0.9893130115450949,0.00161188883184226
-50.0,5.0,0.008069590567238662,0.9904752491054712,0.0014551603272901232
-50.0,6.0,0.007163248638062315,0.9915255493625604,0.001311201999377419
-50.0,7.0,0.006347835027278621,0.992472899483887,0.00117926548883439
-50.0,8.0,0.005615610912723161,0.9933257765494024,0.001058612537874226
-50.0,9.0,0.0049593286426029845,0.9940921520858091,0.0009485192715877839
-50.0,10.0,0.004372220273632839,0.99477949981167,0.000848279914697227
-50.0,11.0,0.003847983838952562,0.9953948061997607,0.000757209961286515
-50.0,12.0,0.003380767707805815,0.9959445834718985,0.000674648820295464
-50.0,13.0,0.002965153381719799,0.9964348846544369,0.000599961963843576
-50.0,14.0,0.002596137052018114,0.996871320339116,0.000532542608865896
-50.0,15.0,0.002269110221528049,0.9972590768133377,0.000471812965134377
-50.0,16.0,0.001979839669879078,0.9976029352455662,0.00041722508455484004
-50.0,17.0,0.001724447017359676,0.99790729163491,0.00036826134773018594
-50.0,18.0,0.0014993881173867379,0.9981761772583831,0.000324434624230115
-50.0,19.0,0.001301432482677784,0.9984132793744466,0.000285288142875567
-50.0,20.0,0.001127642925580217,0.9986219619667157,0.000250395107704089
-50.0,21.0,0.000975355569031179,0.9988052863367664,0.000219358094202547
-50.0,22.0,0.000842160361570327,0.9989660313794824,0.00019180825894720002
-50.0,23.0,0.000725882207930195,0.9991067133980224,0.000167404394047234
-50.0,24.0,0.000624562806160382,0.9992296053380278,0.000145831855811879
-50.0,25.0,0.000536443263133389,0.999336755341952,0.000126801394914581
-50.0,26.0,0.00045994754272084997,0.9994300045442123,0.000110047913066881
-50.0,27.0,0.000393666784971037,0.9995110040461384,9.532916889076599e-05
-50.0,28.0,0.000336344520280656,0.9995812310263824,8.2424453336721e-05
-50.0,29.0,0.000286862789825585,0.999642003957499,7.1133252675314e-05
-50.0,30.0,0.000244229172361409,0.9996944969128115,6.127391482682101e-05
-50.0,31.0,0.000207564707869469,0.999739752959516,5.2682332614468e-05
-50.0,32.0,0.00017609270033527,0.9997786966442094,4.5210655455309e-05
-50.0,33.0,0.000149128375117839,0.9998121455858257,3.8726039056467e-05
-50.0,34.0,0.00012606936080585,0.9998408211983175,3.3109440876564e-05
-50.0,35.0,0.000106386961057234,0.9998653585714912,2.8254467451628e-05
-50.0,36.0,8.9618178578044e-05,0.9998863155432454,2.406627817652e-05
-50.0,37.0,7.5358451006521e-05,0.9999041810002148,2.0460548778785002e-05
-50.0,38.0,6.325505692348401e-05,0.999919382446556,1.736249652042e-05
-50.0,39.0,5.3001149406423996e-05,0.9999322928824829,1.4705968110694999e-05
-50.0,40.0,4.4330374382317e-05,0.9999432370352136,1.2432590404141001e-05
-50.0,41.0,3.7012031418151e-05,0.9999524969853972,1.0490983184737e-05
-50.0,42.0,3.0846735429803e-05,0.9999603172318784,8.83603269158e-06
-50.0,43.0,2.5662539006731e-05,0.9999669092369798,7.4282240134489995e-06
-50.0,44.0,2.1311476566596e-05,0.9999724554933741,6.233030059668001e-06
-50.0,45.0,1.7666493302262e-05,0.9999771131522056,5.220354492095e-06
-50.0,46.0,1.4618723802524001e-05,0.99998101725043,4.364025767668e-06
-50.0,47.0,1.2075087263609e-05,0.999984283573454,3.6413392823650002e-06
-50.0,48.0,9.956168313847e-06,0.9999870111871699,3.032644515889e-06
-50.0,49.0,8.194354608602e-06,0.9999892846713491,2.52097404229e-06
-50.0,50.0,6.732204482270999e-06,0.9999911760842312,2.091711286353e-06
-50.0,51.0,5.521020040451e-06,0.9999927466859992,1.73229396045e-06
-50.0,52.0,4.519603115026e-06,0.9999940484466806,1.4319502043150001e-06
-50.0,53.0,3.693173469492e-06,0.9999951253619668,1.181464563791e-06
-50.0,54.0,3.0124305172870004e-06,0.9999960145984048,9.72971077997791e-07
-50.0,55.0,2.452741591746e-06,0.9999967474875162,7.997708921106875e-07
-50.0,56.0,1.993441475722e-06,0.999997350386554,6.561719702413392e-07
-50.0,57.0,1.617229457608e-06,0.9999978454218966,5.373486457429093e-07
-50.0,58.0,1.309651626822e-06,0.999998251129462,4.392189111388903e-07
-50.0,59.0,1.058657456089e-06,0.9999985830050301,3.583375139063361e-07
-50.0,60.0,8.542209419814133e-07,0.9999988539759728,2.9180308518897334e-07
-50.0,61.0,6.880176925055462e-07,0.9999990748046232,2.3717768428632758e-07
-50.0,62.0,5.531503654079845e-07,0.9999992544323436,1.9241729101131683e-07
-50.0,63.0,4.439157782965715e-07,0.9999994002723019,1.5581191965378986e-07
-50.0,64.0,3.556078374405718e-07,0.9999995184580013,1.2593416158109165e-07
-50.0,65.0,2.8435117206726785e-07,0.9999996140537399,1.0159508797918649e-07
-50.0,66.0,2.269610213643267e-07,0.9999996912324188,8.180655965607832e-08
-50.0,67.0,1.8082550840139168e-07,0.9999997534253944,6.574909715680734e-08
-50.0,68.0,1.4380695494562838e-07,0.9999998034484833,5.2744561799720846e-08
-50.0,69.0,1.1415934963967501e-07,0.9999998436076636,4.223298688772497e-08
-50.0,70.0,9.045948498267271e-08,0.9999998757875365,3.375297862465796e-08
-50.0,71.0,7.154963146970502e-08,0.99999990152519,2.6925178597234115e-08
-50.0,72.0,5.6489925247502204e-08,0.9999999220717299,2.1438344539287306e-08
-50.0,73.0,4.4518913538194867e-08,0.9999999384434226,1.7037663981393454e-08
-50.0,74.0,3.502093431733356e-08,0.9999999514640989,1.3514966825836348e-08
-50.0,75.0,2.7499207398626275e-08,0.9999999618002444,1.0700548398260197e-08
-49.5,-75.0,0.8636874009313991,0.13631259906860088,0.0
-49.5,-74.0,0.8539793063135639,0.14602069368643608,0.0
-49.5,-73.0,0.8438153668300851,0.15618463316991493,0.0
-49.5,-72.0,0.8331941189360541,0.16680588106394587,0.0
-49.5,-71.0,0.8221158021244531,0.1778841978755469,0.0
-49.5,-70.0,0.8105824351681987,0.18941756483180128,0.0
-49.5,-69.0,0.7985978819995087,0.20140211800049135,0.0
-49.5,-68.0,0.7861679060997652,0.2138320939002348,0.0
-49.5,-67.0,0.7733002123548671,0.22669978764513285,0.0
-49.5,-66.0,0.7600044754316478,0.23999552456835221,0.0
-49.5,-65.0,0.7462923538496753,0.2537076461503247,0.0
-49.5,-64.0,0.7321774890586693,0.26782251094133075,0.0
-49.5,-63.0,0.7176754889834767,0.28232451101652345,0.0
-49.5,-62.0,0.7028038956643153,0.2971961043356846,0.0
-49.5,-61.0,0.6875821367976934,0.3124178632023066,0.0
-49.5,-60.0,0.6720314611705934,0.3279685388294065,0.0
-49.5,-59.0,0.6561748581744294,0.3438251418255705,0.0
-49.5,-58.0,0.6400369617829065,0.3599630382170933,0.0
-49.5,-57.0,0.6236439395760595,0.37635606042394054,0.0
-49.5,-56.0,0.6070233675880279,0.3929766324119721,0.0
-49.5,-55.0,0.5902040919451809,0.40979590805481914,0.0
-49.5,-54.0,0.5732160784405783,0.42678392155942163,0.0
-49.5,-53.0,0.5560902513571921,0.44390974864280786,0.0
-49.5,-52.0,0.5388583230026406,0.4611416769973594,0.0
-49.5,-51.0,0.5215526155495507,0.47844738445044926,0.0
-49.5,-50.0,0.5042058768854898,0.4957941231145103,0.0
-49.5,-49.0,0.4868510922625377,0.5131489077374622,0.0
-49.5,-48.0,0.4695212935973012,0.5304787064026988,0.0
-49.5,-47.0,0.45224936830626744,0.5477506316937326,0.0
-49.5,-46.0,0.4350678695681902,0.5649321304318097,0.0
-49.5,-45.0,0.41800882988454896,0.581991170115451,0.0
-49.5,-44.0,0.4011035797614314,0.5988964202385686,0.0
-49.5,-43.0,0.3843825732624394,0.6156174267375606,0.0
-49.5,-42.0,0.3678752220838529,0.632124777916147,0.0
-49.5,-41.0,0.35160973968227177,0.6483902603177283,0.0
-49.5,-40.0,0.3356129968436531,0.6643870031563469,0.0
-49.5,-39.0,0.31991038992380355,0.6800896100761965,0.0
-49.5,-38.0,0.3045257228169798,0.6954742771830201,0.0
-49.5,-37.0,0.28948110352455336,0.7105188964754467,0.0
-49.5,-36.0,0.2747968560030228,0.725203143996977,0.0
-49.5,-35.0,0.26049144777348676,0.7395085522265132,0.0
-49.5,-34.0,0.24658143357634008,0.75341856642366,0.0
-49.5,-33.0,0.23308141515877304,0.766918584841227,0.0
-49.5,-32.0,0.2200040170917159,0.779995982908284,0.0
-49.5,-31.0,0.2073598783300827,0.7926401216699174,0.0
-49.5,-30.0,0.1951576590581328,0.8048423409418671,0.0
-49.5,-29.0,0.18340406220277317,0.8165959377972268,0.0
-49.5,-28.0,0.17210386885359705,0.8278961311464029,0.0
-49.5,-27.0,0.16125998670096015,0.8387400132990399,0.0
-49.5,-26.0,0.15087351049361317,0.8491264895063868,0.0
-49.5,-25.0,0.1409437934261327,0.8590562065738674,0.0
-49.5,-24.0,0.13146852829404704,0.868531471705953,0.0
-49.5,-23.0,0.12244383720121381,0.8775561627987861,0.0
-49.5,-22.0,0.11386436856939629,0.8861356314306037,0.0
-49.5,-21.0,0.1057234001835538,0.8942765998164461,0.0
-49.5,-20.0,0.09801294700725814,0.9019870529927418,0.0
-49.5,-19.0,0.09072387251981097,0.909276127480189,0.0
-49.5,-18.0,0.08384600235879588,0.916153997641204,0.0
-49.5,-17.0,0.07736823909752792,0.922631760902472,0.0
-49.5,-16.0,0.0712786770446218,0.9287213229553779,0.0
-49.5,-15.0,0.06556471602105647,0.9344352839789436,0.0
-49.5,-14.0,0.0602131731469971,0.939786826853003,0.0
-49.5,-13.0,0.05521039175455437,0.9447896082454456,0.0
-49.5,-12.0,0.05054234663194159,0.9494576533680583,0.0
-49.5,-11.0,0.04619474489750179,0.9538052551024979,0.0
-49.5,-10.0,0.042153121897252746,0.9578468781027472,0.0
-49.5,-9.0,0.038402931615458276,0.9615970683845415,0.0
-49.5,-8.0,0.03492963118290563,0.9650703688170944,0.0
-49.5,-7.0,0.03171875916078876,0.9682812408392113,0.0
-49.5,-6.0,0.02875600736824045,0.9712439926317596,0.0
-49.5,-5.0,0.02602728610762093,0.973972713892379,0.0
-49.5,-4.0,0.02351878272280818,0.976481217277192,0.0
-49.5,-3.0,0.021217013501227167,0.9787829864987728,0.0
-49.5,-2.0,0.019108868999633294,0.9808911310003665,0.0
-49.5,-1.0,0.017181652936296376,0.9828183470637036,0.0
-49.5,0.0,0.015423114847916065,0.9845768851520841,0.0
-49.5,1.0,0.013821476758169547,0.9861785232418303,0.0
-49.5,2.0,0.012365454146194256,0.9876345458538056,0.0
-49.5,3.0,0.011044271537605559,0.9889557284623944,0.0
-49.5,4.0,0.0098476730679984,0.9901523269320016,0.0
-49.5,5.0,0.008765928389535577,0.9912340716104644,0.0
-49.5,6.0,0.007789834305507879,0.9922101656944922,0.0
-49.5,7.0,0.006910712526056628,0.9930892874739432,0.0
-49.5,8.0,0.006120403941022361,0.9938795960589776,0.0
-49.5,9.0,0.005411259803611692,0.9945887401963884,0.0
-49.5,10.0,0.004776130211775221,0.9952238697882249,0.0
-49.5,11.0,0.00420835026339772,0.9957916497366024,0.0
-49.5,12.0,0.003701724247162202,0.9962982757528378,0.0
-49.5,13.0,0.0032505082138039086,0.996749491786196,0.0
-49.5,14.0,0.0028493912529504502,0.9971506087470496,0.0
-49.5,15.0,0.002493475779364771,0.9975065242206352,0.0
-49.5,16.0,0.002178257109656794,0.9978217428903432,0.0
-49.5,17.0,0.001899602586866351,0.9981003974131336,0.0
-49.5,18.0,0.0016537304861680118,0.998346269513832,0.0
-49.5,19.0,0.0014371889106926119,0.9985628110893074,0.0
-49.5,20.0,0.001246834862445277,0.9987531651375547,0.0
-49.5,21.0,0.001079813649827623,0.9989201863501723,0.0
-49.5,22.0,0.00093353877060217,0.9990664612293978,0.0
-49.5,23.0,0.0008056723874872141,0.9991943276125128,0.0
-49.5,24.0,0.0006941064931166301,0.9993058935068834,0.0
-49.5,25.0,0.0005969448419782341,0.9994030551580217,0.0
-49.5,26.0,0.000512485709256243,0.9994875142907438,0.0
-49.5,27.0,0.000439205520313526,0.9995607944796864,0.0
-49.5,28.0,0.000375743379892149,0.9996242566201076,0.0
-49.5,29.0,0.000320886516992284,0.9996791134830076,0.0
-49.5,30.0,0.000273556649791789,0.9997264433502082,0.0
-49.5,31.0,0.00023279726485215703,0.999767202735148,0.0
-49.5,32.0,0.00019776179616390801,0.999802238203836,0.0
-49.5,33.0,0.00016770268224441,0.9998322973177557,0.0
-49.5,34.0,0.000141961273430492,0.9998580387265696,0.0
-49.5,35.0,0.00011995855661608301,0.999880041443384,0.0
-49.5,36.0,0.00010118666087442199,0.9998988133391257,0.0
-49.5,37.0,8.520110457520101e-05,0.9999147988954248,0.0
-49.5,38.0,7.1613742658257e-05,0.9999283862573417,0.0
-49.5,39.0,6.0086371556820996e-05,0.9999399136284433,0.0
-49.5,40.0,5.0324948777172e-05,0.9999496750512228,0.0
-49.5,41.0,4.207438424378e-05,0.999957925615756,0.0
-49.5,42.0,3.5113861120555e-05,0.9999648861388796,0.0
-49.5,43.0,2.9252644836022e-05,0.9999707473551641,0.0
-49.5,44.0,2.4326340395970997e-05,0.999975673659604,0.0
-49.5,45.0,2.0193559690621002e-05,0.9999798064403091,0.0
-49.5,46.0,1.673296233068e-05,0.9999832670376692,0.0
-49.5,47.0,1.3840635520984001e-05,0.9999861593644791,0.0
-49.5,48.0,1.142778055123e-05,0.9999885722194487,0.0
-49.5,49.0,9.418675606987e-06,0.999990581324393,0.0
-49.5,50.0,7.748886743204e-06,0.9999922511132568,0.0
-49.5,51.0,6.363700985085e-06,0.9999936362990149,0.0
-49.5,52.0,5.216757601364e-06,0.9999947832423985,0.0
-49.5,53.0,4.268855611422e-06,0.9999957311443886,0.0
-49.5,54.0,3.4869175237089998e-06,0.9999965130824762,0.0
-49.5,55.0,2.84309114591e-06,0.9999971569088539,0.0
-49.5,56.0,2.313973048153e-06,0.9999976860269518,0.0
-49.5,57.0,1.879938893448e-06,0.9999981200611066,0.0
-49.5,58.0,1.5245673710749998e-06,0.9999984754326288,0.0
-49.5,59.0,1.234145877953e-06,0.999998765854122,0.0
-49.5,60.0,9.972473909202538e-07,0.9999990027526091,0.0
-49.5,61.0,8.043691617770072e-07,0.9999991956308382,0.0
-49.5,62.0,6.476249506154655e-07,0.9999993523750494,0.0
-49.5,63.0,5.204834958260827e-07,0.999999479516504,0.0
-49.5,64.0,4.175468066472813e-07,0.9999995824531936,0.0
-49.5,65.0,3.3436266185413045e-07,0.9999996656373381,0.0
-49.5,66.0,2.672664122538905e-07,0.9999997327335878,0.0
-49.5,67.0,2.1324782122022813e-07,0.9999997867521787,0.0
-49.5,68.0,1.6983924273193093e-07,0.9999998301607572,0.0
-49.5,69.0,1.350219363593562e-07,0.9999998649780637,0.0
-49.5,70.0,1.0714775925389455e-07,0.9999998928522408,0.0
-49.5,71.0,8.487386208740303e-08,0.9999999151261381,0.0
-49.5,72.0,6.710835441211591e-08,0.9999999328916457,0.0
-49.5,73.0,5.296520009416848e-08,0.9999999470347999,0.0
-49.5,74.0,4.172685999792801e-08,0.9999999582731399,0.0
-49.5,75.0,3.281342129171881e-08,0.9999999671865788,0.0
-49.0,-75.0,0.8548168323818495,0.12847508563340537,0.01670808198474525
-49.0,-74.0,0.8448499529389102,0.1376429371951989,0.01750710986589085
-49.0,-73.0,0.8344486506396669,0.14724130941968197,0.01831003994065118
-49.0,-72.0,0.8236141229430526,0.1572718569973716,0.01911402005957584
-49.0,-71.0,0.8123491890453012,0.1677347389841016,0.01991607197059717
-49.0,-70.0,0.8006583293815944,0.17862856204116023,0.02071310857724534
-49.0,-69.0,0.7885477143764875,0.18995033281533946,0.021501952808173037
-49.0,-68.0,0.776025221982631,0.2016954200797775,0.02227935793759155
-49.0,-67.0,0.7631004436645946,0.21385752716118603,0.02304202917421929
-49.0,-66.0,0.749784678605189,0.22642867507801706,0.023786646316793777
-49.0,-65.0,0.7360909160334433,0.23939919670914167,0.02450988725741478
-49.0,-64.0,0.7220338056942999,0.25275774220547625,0.025208452100224127
-49.0,-63.0,0.7076296165981946,0.2664912957494337,0.02587908765237169
-49.0,-62.0,0.6928961843023087,0.28058520366070683,0.026518612036984548
-49.0,-61.0,0.677852847082843,0.2950232137431603,0.027123939173996817
-49.0,-60.0,0.6625203714580017,0.30978752566779993,0.027692102874198238
-49.0,-59.0,0.6469208676134276,0.32485885209192505,0.02822028029464725
-49.0,-58.0,0.631077695364951,0.3402164901255032,0.028705814509546044
-49.0,-57.0,0.6150153613672648,0.3558384026731115,0.029146235959623564
-49.0,-56.0,0.5987594083413493,0.37170130910383536,0.02953928255481535
-49.0,-55.0,0.582336297148187,0.3877807846324762,0.029882918219336613
-49.0,-54.0,0.5657732825818531,0.40405136773327605,0.0301753496848708
-49.0,-53.0,0.5490982837917822,0.4204866748519392,0.030415041356278746
-49.0,-52.0,0.5323397502725031,0.43705952163278367,0.030600728094713224
-49.0,-51.0,0.5155265243799666,0.45374204983500027,0.030731425785033274
-49.0,-50.0,0.49868770134740054,0.47050585907490183,0.03080643957769753
-49.0,-49.0,0.48185248778104695,0.4873221424993331,0.030825369719619952
-49.0,-48.0,0.4650500596176725,0.5041618254687742,0.030788114913553436
-49.0,-47.0,0.4483094205219239,0.5209957063068889,0.030694873171187277
-49.0,-46.0,0.4316592616927155,0.5377945981562122,0.030546140151072324
-49.0,-45.0,0.41512782403415593,0.5545294709673485,0.03034270499849555
-49.0,-44.0,0.3987427636281224,0.5711715926415923,0.030085643730285338
-49.0,-43.0,0.38253102142241596,0.5876926683445726,0.029776310233011485
-49.0,-42.0,0.3665186980203569,0.6040649770117261,0.02941632496791712
-49.0,-41.0,0.3507309344244047,0.6202615040756542,0.02900756149994121
-49.0,-40.0,0.33519179954761646,0.6362560694612677,0.028552130991115705
-49.0,-39.0,0.319924185262099,0.6520234499177078,0.028052364820193375
-49.0,-38.0,0.30494970970270446,0.6675394947869752,0.027510795510320197
-49.0,-37.0,0.29028862948674905,0.682781234348603,0.026930136164647928
-49.0,-36.0,0.2759597614462255,0.6977269799280541,0.02631325862572036
-49.0,-35.0,0.2619804143977565,0.7123564150142352,0.02566317058800842
-49.0,-34.0,0.24836633139738107,0.7266506766987513,0.024982991903867616
-49.0,-33.0,0.2351316428424575,0.7405924268263163,0.02427593033122601
-49.0,-32.0,0.22228883069189542,0.7541659123318173,0.023545256976287218
-49.0,-31.0,0.20984870397929745,0.7673570143344051,0.0227942816862974
-49.0,-30.0,0.19782038569227406,0.7801532856618587,0.022026328645867118
-49.0,-29.0,0.1862113109863185,0.7925439765882765,0.021244712425405078
-49.0,-28.0,0.17502723659452826,0.804520048683557,0.020452714721914723
-49.0,-27.0,0.16427226118664973,0.8160741767925515,0.019653562020798772
-49.0,-26.0,0.15394885632404684,0.8272007392834055,0.018850404392547523
-49.0,-25.0,0.14405790755303532,0.8378957968265014,0.01804629562046313
-49.0,-24.0,0.134598765079366,0.8481570600854667,0.01724417483516735
-49.0,-23.0,0.1255693033733044,0.857983846817804,0.016446849808891578
-49.0,-22.0,0.11696598896946618,0.8673770289926847,0.015656982037849144
-49.0,-21.0,0.10878395564994864,0.8763389706352709,0.01487707371478036
-49.0,-20.0,0.1010170861348006,0.8848734571986803,0.014109456666519148
-49.0,-19.0,0.09365809935170002,0.892985617344644,0.013356283303655932
-49.0,-18.0,0.08669864231783513,0.9006818380805857,0.01261951960157911
-49.0,-17.0,0.0801293856420602,0.9079696742530657,0.01190094010487405
-49.0,-16.0,0.07394012164477222,0.9148577534344894,0.011202124920738278
-49.0,-15.0,0.06811986409664654,0.9213556772611572,0.010524458642196123
-49.0,-14.0,0.06265694859507107,0.9274739202860437,0.00986913111888524
-49.0,-13.0,0.05753913262821397,0.9332237273993761,0.009237139972410005
-49.0,-12.0,0.05275369442023828,0.9386170108447446,0.00862929473501714
-49.0,-11.0,0.048287529706079226,0.9436662478190339,0.008046222474886903
-49.0,-10.0,0.044127245649042045,0.9483843795921436,0.007488374758814317
-49.0,-9.0,0.04025925118771315,0.9527847130187138,0.006956035793573146
-49.0,-8.0,0.03666984317862702,0.956880825240542,0.006449331580830986
-49.0,-7.0,0.03334528778605622,0.9606864722968749,0.005968239917069022
-49.0,-6.0,0.030271896658422223,0.9642155022721365,0.005512601069441334
-49.0,-5.0,0.027436097520422885,0.9674817735188609,0.005082128960716467
-49.0,-4.0,0.02482449889936938,0.9704990783994722,0.004676422701158353
-49.0,-3.0,0.022423948791861503,0.9732810728959735,0.004294978312164941
-49.0,-2.0,0.020221587161386806,0.9758412123432127,0.003937200495400282
-49.0,-1.0,0.018204892237456895,0.978192693450825,0.003602414311717906
-49.0,0.0,0.016361720661427617,0.9803484026925152,0.003289876646057001
-49.0,1.0,0.014680341592322663,0.9823208710603043,0.002998787347373152
-49.0,2.0,0.013149464947126644,0.9841222351066505,0.002728299946222612
-49.0,3.0,0.011758264003669992,0.9857642041297819,0.002477531866547914
-49.0,4.0,0.010496392640122011,0.9872580332976516,0.002245574062226311
-49.0,5.0,0.009353997523150885,0.9886145024540689,0.002031500022780134
-49.0,6.0,0.00832172558707488,0.9898439003068487,0.0018343741060763822
-49.0,7.0,0.007390727169040601,0.990956013662299,0.001653259168660219
-49.0,8.0,0.006552655180770159,0.9919601213428253,0.001487223476404736
-49.0,9.0,0.005799660706173868,0.9928649924045446,0.00133534688928137
-49.0,10.0,0.0051243854166648384,0.9936788882591762,0.001196726324159158
-49.0,11.0,0.004519951192935651,0.9944095682985096,0.001070480508554713
-49.0,12.0,0.00397994733390496,0.9950642986199584,0.0009557540461367101
-49.0,13.0,0.00349841572117578,0.9956498634573007,0.0008517208215236589
-49.0,14.0,0.003069834291335876,0.996172578931153,0.000757586777511245
-49.0,15.0,0.002689099149431969,0.9966383087482121,0.000672592102355848
-49.0,16.0,0.002351505635600431,0.997052481496227,0.000596012868172446
-49.0,17.0,0.002052728633740624,0.9974201092023184,0.000527162163940844
-49.0,18.0,0.001788802386835861,0.9977458068450352,0.00046539076812878095
-49.0,19.0,0.0015561000585756022,0.9980338125348076,0.00041008740661671497
-49.0,20.0,0.001351313255774228,0.99828800810269,0.000360678641535845
-49.0,21.0,0.001171431701125351,0.9985119398629747,0.000316628435899838
-49.0,22.0,0.00101372322142948,0.9987088393409561,0.00027743743761436
-49.0,23.0,0.000875714192885786,0.998881643782436,0.000242642024678206
-49.0,24.0,0.000755170562590924,0.999033016286175,0.000211813151233909
-49.0,25.0,0.0006500795442339221,0.9991653654240976,0.000184555031668323
-49.0,26.0,0.000558632066262867,0.9992808642364538,0.00016050369728336298
-49.0,27.0,0.00047920603262961795,0.999381468510144,0.00013932545722621
-49.0,28.0,0.000410350439656291,0.9994689342678916,0.000120715292452315
-49.0,29.0,0.000350770377639838,0.9995448344138085,0.000104395208551615
-49.0,30.0,0.00029931293251572104,0.9996105744971348,9.0112570349428e-05
-49.0,31.0,0.000254953991209088,0.9996674075704487,7.7638438341974e-05
-49.0,32.0,0.000216785944160475,0.999716448131561,6.6765924278599e-05
-49.0,33.0,0.000184006269853284,0.9997586851495583,5.7308580588187e-05
-49.0,34.0,0.000155906978908415,0.999794994185203,4.9098835888607e-05
-49.0,35.0,0.000131864889353103,0.9998261486241142,4.1986486532633e-05
-49.0,36.0,0.00011133269991455501,0.9998528300480426,3.5837252042875e-05
-49.0,37.0,9.3830824528212e-05,0.9998756377750933,3.0531400378596e-05
-49.0,38.0,7.8939948577381e-05,0.9998950976041614,2.5962447261247e-05
-49.0,39.0,6.629426558774201e-05,0.9999116698021508,2.2035932261604003e-05
-49.0,40.0,5.557535208123299e-05,0.9999257563749037,1.8668273015187e-05
-49.0,41.0,4.6506637947121004e-05,0.999937707664276,1.5785697776968e-05
-49.0,42.0,3.8848429916518995e-05,0.9999478283145412,1.3323255542141e-05
-49.0,43.0,3.2393446439064e-05,0.9999563826514247,1.122390213618e-05
-49.0,44.0,2.6962823372116998e-05,0.9999635995166253,9.437660002741e-06
-49.0,45.0,2.2402551325995e-05,0.9999696765997946,7.920848879517e-06
-49.0,46.0,1.858030719278e-05,0.99997478430867,6.635384137071e-06
-49.0,47.0,1.5382644257973003e-05,0.9999790692164912,5.548139250789e-06
-49.0,48.0,1.2712507297562e-05,0.9999826571240337,4.630368668677e-06
-49.0,49.0,1.0487041148964e-05,0.9999856557716356,3.857187215232e-06
-49.0,50.0,8.635663370399e-06,0.9999881572345072,3.2071021221450002e-06
-49.0,51.0,7.098373733613e-06,0.9999902400324775,2.661593789006e-06
-49.0,52.0,5.824275399358e-06,0.9999919709831596,2.2047414409550002e-06
-49.0,53.0,4.770284679031e-06,0.999993406825365,1.8228899558999999e-06
-49.0,54.0,3.9000082696369994e-06,0.9999945956374576,1.504354272759e-06
-49.0,55.0,3.182768747506e-06,0.999995578073296,1.239157956423e-06
-49.0,56.0,2.59276090762e-06,0.9999963884364144,1.018802677941e-06
-49.0,57.0,2.1083232321090002e-06,0.9999970556112042,8.36065563737789e-07
-49.0,58.0,1.711310358565e-06,0.999997603868071,6.848215703213665e-07
-49.0,59.0,1.386553893932e-06,0.9999980535578594,5.598882465790054e-07
-49.0,60.0,1.121400282671e-06,0.9999984217092668,4.568904506411443e-07
-49.0,61.0,9.053156901647005e-07,0.9999987225415203,3.721427894849158e-07
-49.0,62.0,7.295490069625082e-07,0.9999989679032484,3.025477445068234e-07
-49.0,63.0,5.868451204307267e-07,0.9999991676472465,2.4550763337526955e-07
-49.0,64.0,4.7120154266455534e-07,0.9999993299497212,1.98848736184172e-07
-49.0,65.0,3.776623326025657e-07,0.9999994615815859,1.6075608129684184e-07
-49.0,66.0,3.021440120596059e-07,0.9999995681384451,1.297175426762912e-07
-49.0,67.0,2.412888560026792e-07,0.9999996542350984,1.0447604562670452e-07
-49.0,68.0,1.9234154302571968e-07,0.9999997236696452,8.398881165322899e-08
-49.0,69.0,1.530456887951494e-07,0.9999997795616155,6.739269571989153e-08
-49.0,70.0,1.215572592584344e-07,0.9999998244679599,5.3974780847140634e-08
-49.0,71.0,9.637227743977832e-08,0.9999998604802264,4.314749616572945e-08
-49.0,72.0,7.626660322861633e-08,0.999999889305781,3.4427615750489345e-08
-49.0,73.0,6.024588492604121e-08,0.9999999123355375,2.7418577379712052e-08
-49.0,74.0,4.750405934378638e-08,0.9999999307003072,2.1795633429169652e-08
-49.0,75.0,3.7389018490377864e-08,0.9999999453175704,1.729341106218355e-08
-48.5,-75.0,0.8752258179961998,0.12477418200380011,0.0
-48.5,-74.0,0.8660848921725607,0.1339151078274393,0.0
-48.5,-73.0,0.8564922704376099,0.14350772956239002,0.0
-48.5,-72.0,0.8464444760263212,0.15355552397367866,0.0
-48.5,-71.0,0.835939626525047,0.16406037347495303,0.0
-48.5,-70.0,0.8249775214181535,0.17502247858184655,0.0
-48.5,-69.0,0.8135597207722367,0.18644027922776332,0.0
-48.5,-68.0,0.8016896138553403,0.1983103861446597,0.0
-48.5,-67.0,0.7893724765466356,0.2106275234533645,0.0
-48.5,-66.0,0.7766155164690606,0.22338448353093943,0.0
-48.5,-65.0,0.763427904873317,0.23657209512668304,0.0
-48.5,-64.0,0.7498207944158609,0.25017920558413914,0.0
-48.5,-63.0,0.7358073221052176,0.2641926778947824,0.0
-48.5,-62.0,0.7214025968388126,0.2785974031611874,0.0
-48.5,-61.0,0.7066236711148994,0.29337632888510057,0.0
-48.5,-60.0,0.691489496679047,0.3085105033209529,0.0
-48.5,-59.0,0.6760208640496576,0.3239791359503424,0.0
-48.5,-58.0,0.6602403260594439,0.33975967394055606,0.0
-48.5,-57.0,0.6441721057467429,0.35582789425325706,0.0
-48.5,-56.0,0.6278419891288257,0.37215801087117417,0.0
-48.5,-55.0,0.6112772035856493,0.38872279641435065,0.0
-48.5,-54.0,0.5945062827734029,0.4054937172265972,0.0
-48.5,-53.0,0.577558919169296,0.42244108083070403,0.0
-48.5,-52.0,0.5604658055190116,0.43953419448098835,0.0
-48.5,-51.0,0.543258466612888,0.45674153338711193,0.0
-48.5,-50.0,0.5259690829532802,0.4740309170467198,0.0
-48.5,-49.0,0.5086303079910137,0.4913696920089863,0.0
-48.5,-48.0,0.49127508070113185,0.5087249192988682,0.0
-48.5,-47.0,0.4739364353354093,0.5260635646645907,0.0
-48.5,-46.0,0.4566473102300273,0.5433526897699728,0.0
-48.5,-45.0,0.4394403575605391,0.5605596424394608,0.0
-48.5,-44.0,0.42234775592254964,0.5776522440774504,0.0
-48.5,-43.0,0.40540102757563085,0.5945989724243693,0.0
-48.5,-42.0,0.3886308621207546,0.6113691378792453,0.0
-48.5,-41.0,0.3720669482892547,0.6279330517107453,0.0
-48.5,-40.0,0.35573781540588856,0.6442621845941114,0.0
-48.5,-39.0,0.3396706859522046,0.6603293140477953,0.0
-48.5,-38.0,0.3238913405017885,0.6761086594982114,0.0
-48.5,-37.0,0.30842399612900134,0.6915760038709986,0.0
-48.5,-36.0,0.2932911992107241,0.706708800789276,0.0
-48.5,-35.0,0.278513733349725,0.721486266650275,0.0
-48.5,-34.0,0.2641105429519581,0.7358894570480419,0.0
-48.5,-33.0,0.2500986727918104,0.7499013272081896,0.0
-48.5,-32.0,0.23649322370233275,0.7635067762976672,0.0
-48.5,-31.0,0.22330732433499997,0.7766926756650001,0.0
-48.5,-30.0,0.21055211874848495,0.789447881251515,0.0
-48.5,-29.0,0.19823676941099413,0.8017632305890058,0.0
-48.5,-28.0,0.18636847503825169,0.8136315249617483,0.0
-48.5,-27.0,0.1749525025412762,0.8250474974587237,0.0
-48.5,-26.0,0.16399223222631307,0.8360077677736869,0.0
-48.5,-25.0,0.1534892152749414,0.8465107847250586,0.0
-48.5,-24.0,0.1434432424363728,0.8565567575636273,0.0
-48.5,-23.0,0.13385242278680137,0.8661475772131986,0.0
-48.5,-22.0,0.12471327135251974,0.8752867286474804,0.0
-48.5,-21.0,0.11602080435419584,0.8839791956458042,0.0
-48.5,-20.0,0.10776864080872223,0.8922313591912777,0.0
-48.5,-19.0,0.09994910922162861,0.9000508907783714,0.0
-48.5,-18.0,0.09255335811617668,0.9074466418838232,0.0
-48.5,-17.0,0.08557146917371529,0.9144285308262847,0.0
-48.5,-16.0,0.07899257180227272,0.9210074281977272,0.0
-48.5,-15.0,0.07280495800518771,0.9271950419948124,0.0
-48.5,-14.0,0.0669961964872208,0.9330038035127792,0.0
-48.5,-13.0,0.061553245010378496,0.9384467549896216,0.0
-48.5,-12.0,0.05646256009393698,0.9435374399060631,0.0
-48.5,-11.0,0.05171020324118952,0.9482897967588105,0.0
-48.5,-10.0,0.047281942967617334,0.9527180570323829,0.0
-48.5,-9.0,0.04316335199991581,0.9568366480000844,0.0
-48.5,-8.0,0.039339899111091314,0.9606601008889087,0.0
-48.5,-7.0,0.035797035152278216,0.9642029648477216,0.0
-48.5,-6.0,0.03252027293571997,0.96747972706428,0.0
-48.5,-5.0,0.02949526071435068,0.9705047392856493,0.0
-48.5,-4.0,0.026707849090572052,0.973292150909428,0.0
-48.5,-3.0,0.02414415126925808,0.9758558487307418,0.0
-48.5,-2.0,0.021790596646982102,0.9782094033530179,0.0
-48.5,-1.0,0.01963397780034639,0.9803660221996536,0.0
-48.5,0.0,0.017661491000631385,0.9823385089993684,0.0
-48.5,1.0,0.01586077043944072,0.9841392295605591,0.0
-48.5,2.0,0.01421991640039678,0.9857800835996032,0.0
-48.5,3.0,0.012727517655158376,0.9872724823448417,0.0
-48.5,4.0,0.011372668398121035,0.988627331601879,0.0
-48.5,5.0,0.01014498006325655,0.9898550199367436,0.0
-48.5,6.0,0.009034588388878646,0.9909654116111214,0.0
-48.5,7.0,0.008032156111995476,0.9919678438880044,0.0
-48.5,8.0,0.007128871683701899,0.992871128316298,0.0
-48.5,9.0,0.006316444401209428,0.9936835555987904,0.0
-48.5,10.0,0.005587096351086249,0.9944129036489135,0.0
-48.5,11.0,0.00493355155259407,0.9950664484474061,0.0
-48.5,12.0,0.0043490226801944296,0.9956509773198056,0.0
-48.5,13.0,0.003827195730896829,0.9961728042691033,0.0
-48.5,14.0,0.0033622129856780442,0.9966377870143219,0.0
-48.5,15.0,0.002948654595250959,0.997051345404749,0.0
-48.5,16.0,0.002581519099521772,0.9974184809004782,0.0
-48.5,17.0,0.0022562031676414,0.9977437968323586,0.0
-48.5,18.0,0.0019684808220976242,0.9980315191779024,0.0
-48.5,19.0,0.001714482386241289,0.9982855176137587,0.0
-48.5,20.0,0.001490673370387835,0.998509326629612,0.0
-48.5,21.0,0.001293833487539566,0.9987061665124604,0.0
-48.5,22.0,0.001121035966147079,0.9988789640338528,0.0
-48.5,23.0,0.00096962730444071,0.9990303726955593,0.0
-48.5,24.0,0.000837207588942605,0.9991627924110573,0.0
-48.5,25.0,0.000721611479003612,0.9992783885209964,0.0
-48.5,26.0,0.000620889939743409,0.9993791100602566,0.0
-48.5,27.0,0.000533292787716055,0.999466707212284,0.0
-48.5,28.0,0.00045725209705066504,0.9995427479029492,0.0
-48.5,29.0,0.000391366498770043,0.9996086335012301,0.0
-48.5,30.0,0.000334386392482119,0.9996656136075178,0.0
-48.5,31.0,0.000285200077657621,0.9997147999223424,0.0
-48.5,32.0,0.000242820801218319,0.9997571791987816,0.0
-48.5,33.0,0.000206374709110553,0.9997936252908896,0.0
-48.5,34.0,0.000175089681860465,0.9998249103181397,0.0
-48.5,35.0,0.00014828502772020098,0.9998517149722798,0.0
-48.5,36.0,0.000125362001829108,0.9998746379981708,0.0
-48.5,37.0,0.000105795115734999,0.9998942048842651,0.0
-48.5,38.0,8.9124198548575e-05,0.9999108758014517,0.0
-48.5,39.0,7.494716883808499e-05,0.9999250528311621,0.0
-48.5,40.0,6.2913475010808e-05,0.9999370865249892,0.0
-48.5,41.0,5.2718161274397e-05,0.9999472818387255,0.0
-48.5,42.0,4.4096516229596e-05,0.9999559034837704,0.0
-48.5,43.0,3.6819261625814e-05,0.999963180738374,0.0
-48.5,44.0,3.0688239727561e-05,0.9999693117602725,0.0
-48.5,45.0,2.5532559013972e-05,0.999974467440986,0.0
-48.5,46.0,2.1205159493089e-05,0.9999787948405069,0.0
-48.5,47.0,1.7579760691786998e-05,0.999982420239308,0.0
-48.5,48.0,1.4548157322294002e-05,0.9999854518426775,0.0
-48.5,49.0,1.2017829675332001e-05,0.9999879821703249,0.0
-48.5,50.0,9.909837902491e-06,0.9999900901620975,0.0
-48.5,51.0,8.156971487548001e-06,0.9999918430285123,0.0
-48.5,52.0,6.702127334867e-06,0.9999932978726652,0.0
-48.5,53.0,5.496891995302e-06,0.9999945031080049,0.0
-48.5,54.0,4.500305583653e-06,0.9999954996944165,0.0
-48.5,55.0,3.67778689893e-06,0.9999963222131012,0.0
-48.5,56.0,3.000201125845e-06,0.9999969997988742,0.0
-48.5,57.0,2.443053263139e-06,0.9999975569467368,0.0
-48.5,58.0,1.985792084806e-06,0.9999980142079151,0.0
-48.5,59.0,1.611210990222e-06,0.9999983887890096,0.0
-48.5,60.0,1.304933536863e-06,0.9999986950664631,0.0
-48.5,61.0,1.054972775419e-06,0.9999989450272245,0.0
-48.5,62.0,8.513547234402464e-07,0.9999991486452768,0.0
-48.5,63.0,6.857974237825866e-07,0.9999993142025763,0.0
-48.5,64.0,5.514380422929676e-07,0.9999994485619575,0.0
-48.5,65.0,4.426013704963301e-07,0.9999995573986294,0.0
-48.5,66.0,3.546039192300868e-07,0.9999996453960809,0.0
-48.5,67.0,2.835885241076307e-07,0.999999716411476,0.0
-48.5,68.0,2.2638503957377396e-07,0.9999997736149604,0.0
-48.5,69.0,1.8039328130053894e-07,0.9999998196067188,0.0
-48.5,70.0,1.4348489287032995e-07,0.9999998565151073,0.0
-48.5,71.0,1.1392126804595545e-07,0.999999886078732,0.0
-48.5,72.0,9.028506014357043e-08,0.99999990971494,0.0
-48.5,73.0,7.14231605337347e-08,0.9999999285768396,0.0
-48.5,74.0,5.639933420832601e-08,0.9999999436006658,0.0
-48.5,75.0,4.445496643739441e-08,0.9999999555450336,0.0
-48.0,-75.0,0.8660532200230611,0.12121079469663633,0.012735985280302614
-48.0,-74.0,0.8565707631347563,0.1300553932931823,0.013373843572061379
-48.0,-73.0,0.8466502065402582,0.13933243540124274,0.014017358058499123
-48.0,-72.0,0.8362906548862685,0.14904498945052264,0.01466435566320897
-48.0,-71.0,0.8254927985494449,0.1591946558508825,0.015312545599672536
-48.0,-70.0,0.8142589703312644,0.16978149807664797,0.015959531592087805
-48.0,-69.0,0.8025931920717704,0.18080398236403852,0.016602825564191157
-48.0,-68.0,0.7905012104861362,0.19225892681953724,0.017239862694326622
-48.0,-67.0,0.7779905216333031,0.20414146065239394,0.01786801771430309
-48.0,-66.0,0.7650703835395745,0.21644499415015653,0.018484622310268897
-48.0,-65.0,0.7517518166200264,0.2291611999137119,0.01908698346626167
-48.0,-64.0,0.7380475916649897,0.2422800057594463,0.01967240257556411
-48.0,-63.0,0.7239722052856977,0.25578959958252817,0.02023819513177412
-48.0,-62.0,0.7095418428404983,0.2696764463587082,0.020781710800793676
-48.0,-61.0,0.6947743289889601,0.28392531734412196,0.021300353666917994
-48.0,-60.0,0.6796890661440274,0.29851933141499665,0.021791602440975878
-48.0,-59.0,0.6643069612104875,0.3134400083734197,0.022253030416092657
-48.0,-58.0,0.6486503411100764,0.3286673339327956,0.02268232495712806
-48.0,-57.0,0.6327428576983405,0.34417983598851515,0.023077306313144298
-48.0,-56.0,0.6166093827749812,0.3599546716767152,0.023435945548303697
-48.0,-55.0,0.6002758939770555,0.3759677246276851,0.023756381395259606
-48.0,-54.0,0.5837693524226164,0.3921937117311473,0.02403693584623639
-48.0,-53.0,0.5671175730407613,0.4086062986488272,0.024276128310411572
-48.0,-52.0,0.5503490885824995,0.4251782232357877,0.024472688181712676
-48.0,-51.0,0.5334930083553172,0.44188142596618396,0.024625565678498808
-48.0,-50.0,0.5165788727628917,0.4586871864015292,0.024733940835579126
